[PV Panel Model: M2453BB]
iscn = 8.89
vocn = 37.8
imp = 8.18
vmp = 31.2
pmax_e = 255.21599999999998
kv = -0.13229999999999997
ki = 0.004978400000000001
ns = 60

[PV Inverter Model ABB_MICRO_025]
qmax_plus = 80
qmax_minus = 80
p_rated = 250
p_min = 0
s_max = 250
a_p = 1
wn_p = 4.4
tau_delay_p = 0.0005
zeta_p = 0.4
p_ramp_up = 1.0
p_ramp_down = 1.0
q_ramp_up = 1.0
q_ramp_down = 1.0
cec_efficiency_chart_eff_row_1 = 91.2,94.5,95.4,96,96.2,96.2
cec_efficiency_chart_eff_row_2 = 91.5,94.4,95.5,96.2,96.3,96.4
cec_efficiency_chart_eff_row_3 = 91.2,94.3,95.3,96.2,96.2,96.4
cec_efficiency_chart_ac_power = 25, 50, 75, 125, 187.5, 250
cec_efficiency_chart_vdc = 30, 40, 50

[Sub Fleet]
subfleet_name = A
subfleet_numberofunits = 1e3
subfleet_invertermodel = data_M2453BB
subfleet_panelmodel = ABB_MICRO_025

[Fleet]
fleet_name = PV
fleet_numberofsubfleets = 1
fleet_invertermodel = data_M2453BB
fleet_panelmodel = ABB_MICRO_025

[Frequency Watt]
db_uf = 0.036
db_of = 0.036
k_uf = 0.05
k_of = 0.05

[Volt Var]
delv1 = 0.08
q1 = 0.44
delv2 = 0.02
q2 = 0
delv3 = 0.02
q3 = 0
delv4 = 0.08
q4 = 0.44

[Grid Nominal Condition]
vnom = 240
fnom = 60

